[[43.634436, -79.39607], 1]
[[43.634441, -79.372987], 1]
[[43.634522, -79.395689], 1]
[[43.634591, -79.367458], 1]
[[43.634636, -79.395778], 1]
[[43.634941, -79.377495], 1]
[[43.6354, -79.396209], 1]
[[43.635508, -79.395039], 1]
[[43.635827, -79.384639], 1]
[[43.636047, -79.374939], 1]
[[43.636088, -79.363809], 1]
[[43.636097, -79.364389], 1]
[[43.636136, -79.367723], 1]
[[43.636155, -79.380806], 1]
[[43.636169, -79.367234], 1]
[[43.636197, -79.367059], 1]
[[43.636211, -79.382728], 1]
[[43.6363, -79.38807], 1]
[[43.636319, -79.37362], 1]
[[43.636452, -79.386734], 1]
[[43.636463, -79.364259], 1]
[[43.636538, -79.386917], 1]
[[43.636586, -79.384134], 1]
[[43.636658, -79.382239], 1]
[[43.636666, -79.37137], 1]
[[43.637133, -79.373689], 1]
[[43.63735, -79.396545], 1]
[[43.637363, -79.392187], 1]
[[43.637372, -79.38612], 1]
[[43.637477, -79.3917], 1]
[[43.63768, -79.391931], 1]
[[43.637775, -79.372766], 1]
[[43.637902, -79.373706], 1]
[[43.637908, -79.381553], 1]
[[43.63791, -79.384539], 1]
[[43.637947, -79.382553], 1]
[[43.638011, -79.388439], 1]
[[43.638036, -79.383889], 1]
[[43.63805, -79.381541], 1]
[[43.638058, -79.38167], 1]
[[43.638058, -79.381134], 1]
[[43.638072, -79.379703], 1]
[[43.638108, -79.381098], 1]
[[43.638117, -79.389117], 1]
[[43.638149, -79.381548], 1]
[[43.638193, -79.373223], 1]
[[43.638213, -79.37462], 1]
[[43.638216, -79.380304], 1]
[[43.638218, -79.381531], 1]
[[43.638225, -79.384017], 1]
[[43.638272, -79.395492], 1]
[[43.638313, -79.384445], 1]
[[43.638319, -79.382063], 1]
[[43.638338, -79.386087], 1]
[[43.638352, -79.384309], 1]
[[43.638363, -79.383964], 1]
[[43.638386, -79.379963], 1]
[[43.638404, -79.378833], 1]
[[43.638405, -79.378828], 1]
[[43.638408, -79.383234], 1]
[[43.638419, -79.384148], 1]
[[43.638419, -79.383698], 1]
[[43.638425, -79.381248], 1]
[[43.638447, -79.384414], 1]
[[43.638466, -79.378556], 1]
[[43.638472, -79.383828], 1]
[[43.638508, -79.384209], 1]
[[43.638513, -79.383801], 1]
[[43.638516, -79.392626], 1]
[[43.638518, -79.378709], 1]
[[43.638536, -79.384287], 1]
[[43.638541, -79.38417], 1]
[[43.638544, -79.394017], 1]
[[43.6386, -79.379112], 1]
[[43.638608, -79.379498], 1]
[[43.638622, -79.388817], 1]
[[43.638644, -79.384425], 1]
[[43.638669, -79.383695], 1]
[[43.638678, -79.3775], 1]
[[43.638683, -79.395906], 1]
[[43.638694, -79.383881], 1]
[[43.638715, -79.383301], 1]
[[43.638727, -79.384228], 1]
[[43.638734, -79.378347], 1]
[[43.638738, -79.383925], 1]
[[43.638761, -79.38299], 1]
[[43.638805, -79.384881], 1]
[[43.638811, -79.381062], 1]
[[43.638813, -79.384064], 1]
[[43.6389, -79.384126], 1]
[[43.638947, -79.383501], 1]
[[43.638958, -79.384262], 1]
[[43.639008, -79.381334], 1]
[[43.639013, -79.384392], 1]
[[43.639056, -79.384642], 1]
[[43.639075, -79.382519], 1]
[[43.6391, -79.384048], 1]
[[43.639113, -79.383798], 1]
[[43.639133, -79.38327], 1]
[[43.639183, -79.382059], 1]
[[43.639186, -79.387048], 1]
[[43.639197, -79.382184], 1]
[[43.639211, -79.382231], 1]
[[43.639263, -79.376489], 1]
[[43.639266, -79.382545], 1]
[[43.639272, -79.376512], 1]
[[43.639275, -79.376512], 1]
[[43.639277, -79.3765], 1]
[[43.63928, -79.376517], 1]
[[43.63928, -79.376503], 1]
[[43.639288, -79.376456], 1]
[[43.6393, -79.376523], 1]
[[43.639305, -79.379374], 1]
[[43.639319, -79.376495], 1]
[[43.63933, -79.383423], 1]
[[43.639336, -79.383409], 1]
[[43.639338, -79.383156], 1]
[[43.639352, -79.392945], 1]
[[43.639358, -79.38337], 1]
[[43.639366, -79.383256], 1]
[[43.639375, -79.384503], 1]
[[43.639375, -79.3833], 1]
[[43.639383, -79.38327], 1]
[[43.639422, -79.393195], 1]
[[43.63943, -79.383462], 1]
[[43.639441, -79.383356], 1]
[[43.639466, -79.383209], 1]
[[43.639479, -79.389072], 1]
[[43.63948, -79.382009], 1]
[[43.639526, -79.380131], 1]
[[43.639533, -79.383239], 1]
[[43.639591, -79.383278], 1]
[[43.639592, -79.381145], 1]
[[43.639631, -79.376124], 1]
[[43.639639, -79.381842], 1]
[[43.639755, -79.385712], 1]
[[43.639805, -79.381631], 1]
[[43.639877, -79.382348], 1]
[[43.640044, -79.395179], 1]
[[43.640094, -79.375023], 1]
[[43.640223, -79.374603], 1]
[[43.64026, -79.37504], 1]
[[43.640354, -79.393882], 1]
[[43.640361, -79.375275], 1]
[[43.64039, -79.374958], 1]
[[43.640427, -79.39655], 1]
[[43.640444, -79.390231], 1]
[[43.640447, -79.390095], 1]
[[43.64045, -79.376043], 1]
[[43.64045, -79.375305], 1]
[[43.640452, -79.390284], 1]
[[43.640461, -79.377289], 1]
[[43.640586, -79.376114], 1]
[[43.640625, -79.376306], 1]
[[43.640666, -79.377334], 1]
[[43.640713, -79.387664], 1]
[[43.640738, -79.374948], 1]
[[43.640744, -79.384667], 1]
[[43.640747, -79.38585], 1]
[[43.640788, -79.386327], 1]
[[43.640816, -79.385837], 1]
[[43.640827, -79.385803], 1]
[[43.640834, -79.385479], 1]
[[43.640847, -79.384842], 1]
[[43.640857, -79.393878], 1]
[[43.640908, -79.383339], 1]
[[43.640952, -79.38572], 1]
[[43.640975, -79.389578], 1]
[[43.640994, -79.389326], 1]
[[43.641, -79.389306], 1]
[[43.641047, -79.389231], 1]
[[43.641063, -79.389292], 1]
[[43.641133, -79.388692], 1]
[[43.641136, -79.385237], 1]
[[43.641144, -79.385376], 1]
[[43.641166, -79.385528], 1]
[[43.641211, -79.389356], 1]
[[43.641227, -79.386389], 1]
[[43.641238, -79.385903], 1]
[[43.641238, -79.379235], 1]
[[43.641244, -79.38827], 1]
[[43.641266, -79.389167], 1]
[[43.641288, -79.389406], 1]
[[43.641288, -79.388514], 1]
[[43.641308, -79.389167], 1]
[[43.641313, -79.38635], 1]
[[43.641319, -79.388667], 1]
[[43.641338, -79.389167], 1]
[[43.64135, -79.389259], 1]
[[43.641387, -79.389246], 1]
[[43.641388, -79.389131], 1]
[[43.641388, -79.38762], 1]
[[43.641388, -79.386117], 1]
[[43.641397, -79.387353], 1]
[[43.641455, -79.387464], 1]
[[43.641594, -79.389473], 1]
[[43.641616, -79.38955], 1]
[[43.641619, -79.389437], 1]
[[43.641625, -79.389337], 1]
[[43.641627, -79.381478], 1]
[[43.641636, -79.391853], 1]
[[43.641727, -79.38697], 1]
[[43.64173, -79.374742], 1]
[[43.641751, -79.380737], 1]
[[43.641755, -79.388584], 1]
[[43.641797, -79.390576], 1]
[[43.6418, -79.386756], 1]
[[43.641805, -79.385533], 1]
[[43.641813, -79.386787], 1]
[[43.641816, -79.386906], 1]
[[43.641827, -79.388545], 1]
[[43.641836, -79.389501], 1]
[[43.641869, -79.384898], 1]
[[43.641875, -79.381059], 1]
[[43.64192, -79.37468], 1]
[[43.641944, -79.37457], 1]
[[43.641947, -79.387514], 1]
[[43.64198, -79.390298], 1]
[[43.642008, -79.386953], 1]
[[43.642011, -79.386223], 1]
[[43.642027, -79.383839], 1]
[[43.642033, -79.386406], 1]
[[43.642036, -79.372117], 1]
[[43.642038, -79.387313], 1]
[[43.642044, -79.386445], 1]
[[43.642044, -79.386375], 1]
[[43.642052, -79.386398], 1]
[[43.642055, -79.386367], 1]
[[43.642063, -79.386362], 1]
[[43.642063, -79.386337], 1]
[[43.642069, -79.386323], 1]
[[43.642083, -79.386292], 1]
[[43.642086, -79.386253], 1]
[[43.642086, -79.386214], 1]
[[43.642088, -79.386209], 1]
[[43.642113, -79.380914], 1]
[[43.642125, -79.386262], 1]
[[43.642127, -79.386262], 1]
[[43.642141, -79.387651], 1]
[[43.642146, -79.375136], 1]
[[43.642169, -79.386284], 1]
[[43.642177, -79.38627], 1]
[[43.642188, -79.387262], 1]
[[43.642216, -79.387056], 1]
[[43.642241, -79.385912], 1]
[[43.642247, -79.386314], 1]
[[43.642333, -79.388387], 1]
[[43.642333, -79.386001], 1]
[[43.642341, -79.389306], 1]
[[43.642341, -79.384409], 1]
[[43.642361, -79.3789], 1]
[[43.64241, -79.386574], 1]
[[43.642422, -79.386109], 1]
[[43.642465, -79.386434], 1]
[[43.642466, -79.386962], 1]
[[43.642473, -79.387121], 1]
[[43.642488, -79.387056], 1]
[[43.642511, -79.387518], 1]
[[43.642536, -79.385178], 1]
[[43.642536, -79.38517], 1]
[[43.642536, -79.385156], 1]
[[43.642538, -79.385178], 1]
[[43.642546, -79.385171], 1]
[[43.642566, -79.385964], 1]
[[43.642597, -79.38843], 1]
[[43.642597, -79.387228], 1]
[[43.642636, -79.387086], 1]
[[43.642641, -79.387184], 1]
[[43.642655, -79.387228], 1]
[[43.642677, -79.387037], 1]
[[43.642713, -79.387067], 1]
[[43.642727, -79.378412], 1]
[[43.64275, -79.367273], 1]
[[43.642788, -79.387953], 1]
[[43.6428, -79.367159], 1]
[[43.642819, -79.36702], 1]
[[43.642886, -79.38482], 1]
[[43.642891, -79.388242], 1]
[[43.642996, -79.381793], 1]
[[43.643033, -79.384437], 1]
[[43.643069, -79.386003], 1]
[[43.643123, -79.380907], 1]
[[43.643125, -79.368134], 1]
[[43.64315, -79.379417], 1]
[[43.643161, -79.367806], 1]
[[43.643261, -79.384645], 1]
[[43.64328, -79.381478], 1]
[[43.64335, -79.377845], 1]
[[43.64335, -79.367187], 1]
[[43.643352, -79.380943], 1]
[[43.643377, -79.391412], 1]
[[43.64338, -79.387987], 1]
[[43.643396, -79.366436], 1]
[[43.643431, -79.38552], 1]
[[43.643455, -79.391389], 1]
[[43.643459, -79.378945], 1]
[[43.643494, -79.383034], 1]
[[43.64355, -79.384156], 1]
[[43.643647, -79.385026], 1]
[[43.643769, -79.380195], 1]
[[43.6438, -79.389234], 1]
[[43.6438, -79.381155], 1]
[[43.643894, -79.380548], 1]
[[43.643901, -79.381746], 1]
[[43.643947, -79.37492], 1]
[[43.643952, -79.380496], 1]
[[43.644045, -79.38874], 1]
[[43.644049, -79.375941], 1]
[[43.64405, -79.3894], 1]
[[43.64408, -79.379556], 1]
[[43.64408, -79.377045], 1]
[[43.644091, -79.377023], 1]
[[43.644157, -79.38784], 1]
[[43.644302, -79.376709], 1]
[[43.644402, -79.386978], 1]
[[43.644405, -79.386934], 1]
[[43.644408, -79.386939], 1]
[[43.644422, -79.388373], 1]
[[43.644463, -79.387309], 1]
[[43.644469, -79.379006], 1]
[[43.644483, -79.379889], 1]
[[43.6445, -79.386834], 1]
[[43.644508, -79.369514], 1]
[[43.644532, -79.369011], 1]
[[43.644536, -79.387439], 1]
[[43.644705, -79.374681], 1]
[[43.644713, -79.385414], 1]
[[43.644744, -79.37507], 1]
[[43.64475, -79.384473], 1]
[[43.644775, -79.387987], 1]
[[43.644852, -79.384381], 1]
[[43.644877, -79.394125], 1]
[[43.644936, -79.373725], 1]
[[43.644946, -79.384054], 1]
[[43.644961, -79.394359], 1]
[[43.644969, -79.384934], 1]
[[43.644986, -79.394203], 1]
[[43.644994, -79.386831], 1]
[[43.645013, -79.394631], 1]
[[43.64503, -79.385003], 1]
[[43.645041, -79.384995], 1]
[[43.645105, -79.383323], 1]
[[43.645186, -79.381684], 1]
[[43.645196, -79.384025], 1]
[[43.645197, -79.384026], 1]
[[43.645198, -79.380662], 1]
[[43.645205, -79.3816], 1]
[[43.645208, -79.382792], 1]
[[43.64523, -79.384973], 1]
[[43.645283, -79.382959], 1]
[[43.645289, -79.396055], 1]
[[43.645291, -79.395881], 1]
[[43.645313, -79.381948], 1]
[[43.645313, -79.381387], 1]
[[43.645333, -79.389334], 1]
[[43.645338, -79.381325], 1]
[[43.645344, -79.381517], 1]
[[43.645358, -79.382742], 1]
[[43.645458, -79.39657], 1]
[[43.645458, -79.372516], 1]
[[43.645477, -79.381714], 1]
[[43.645508, -79.384659], 1]
[[43.645538, -79.388809], 1]
[[43.645555, -79.395318], 1]
[[43.645555, -79.377777], 1]
[[43.645683, -79.382487], 1]
[[43.645691, -79.385864], 1]
[[43.645747, -79.38719], 1]
[[43.645769, -79.36877], 1]
[[43.645783, -79.390984], 1]
[[43.645797, -79.379064], 1]
[[43.645802, -79.3806], 1]
[[43.645816, -79.393753], 1]
[[43.645819, -79.381295], 1]
[[43.64583, -79.384787], 1]
[[43.645891, -79.376753], 1]
[[43.6459, -79.381303], 1]
[[43.645904, -79.382014], 1]
[[43.645911, -79.381325], 1]
[[43.64592, -79.375705], 1]
[[43.645961, -79.379142], 1]
[[43.64598, -79.389862], 1]
[[43.64598, -79.385462], 1]
[[43.645991, -79.385209], 1]
[[43.645994, -79.390496], 1]
[[43.645997, -79.370126], 1]
[[43.646041, -79.381889], 1]
[[43.646044, -79.381864], 1]
[[43.646088, -79.392557], 1]
[[43.646134, -79.375104], 1]
[[43.646207, -79.379096], 1]
[[43.646208, -79.381012], 1]
[[43.646208, -79.380989], 1]
[[43.646216, -79.381142], 1]
[[43.646225, -79.377992], 1]
[[43.646247, -79.390931], 1]
[[43.646247, -79.389695], 1]
[[43.646287, -79.37984], 1]
[[43.646313, -79.378578], 1]
[[43.6464, -79.389856], 1]
[[43.6464, -79.379203], 1]
[[43.646405, -79.39032], 1]
[[43.646441, -79.387292], 1]
[[43.646466, -79.391906], 1]
[[43.646483, -79.379142], 1]
[[43.646533, -79.389045], 1]
[[43.646552, -79.390076], 1]
[[43.646569, -79.395378], 1]
[[43.646583, -79.385559], 1]
[[43.646583, -79.376748], 1]
[[43.6466, -79.3872], 1]
[[43.64661, -79.3897], 1]
[[43.646622, -79.373956], 1]
[[43.646641, -79.389389], 1]
[[43.646661, -79.385703], 1]
[[43.646675, -79.375253], 1]
[[43.646677, -79.381334], 1]
[[43.646677, -79.38057], 1]
[[43.646702, -79.375375], 1]
[[43.646721, -79.385817], 1]
[[43.646733, -79.386131], 1]
[[43.646763, -79.374062], 1]
[[43.646769, -79.374078], 1]
[[43.64678, -79.385898], 1]
[[43.646805, -79.39145], 1]
[[43.646811, -79.3741], 1]
[[43.646825, -79.374084], 1]
[[43.646861, -79.374345], 1]
[[43.646878, -79.378956], 1]
[[43.64689, -79.385393], 1]
[[43.6469, -79.378823], 1]
[[43.646905, -79.378998], 1]
[[43.646908, -79.376673], 1]
[[43.646908, -79.375498], 1]
[[43.646919, -79.390206], 1]
[[43.646927, -79.386239], 1]
[[43.646947, -79.39437], 1]
[[43.646947, -79.385873], 1]
[[43.646947, -79.381775], 1]
[[43.646948, -79.378784], 1]
[[43.64695, -79.386253], 1]
[[43.64695, -79.374181], 1]
[[43.646961, -79.385859], 1]
[[43.646988, -79.386781], 1]
[[43.646991, -79.377315], 1]
[[43.647025, -79.385867], 1]
[[43.647029, -79.385557], 1]
[[43.647045, -79.392931], 1]
[[43.64705, -79.389809], 1]
[[43.647063, -79.386148], 1]
[[43.647083, -79.379989], 1]
[[43.647086, -79.386189], 1]
[[43.647097, -79.395553], 1]
[[43.647124, -79.395679], 1]
[[43.647127, -79.391473], 1]
[[43.647127, -79.379745], 1]
[[43.647149, -79.385927], 1]
[[43.647166, -79.388334], 1]
[[43.647175, -79.381], 1]
[[43.647202, -79.38582], 1]
[[43.647208, -79.385228], 1]
[[43.647213, -79.395378], 1]
[[43.647213, -79.395226], 1]
[[43.647233, -79.377892], 1]
[[43.647236, -79.385921], 1]
[[43.64725, -79.37365], 1]
[[43.647255, -79.391334], 1]
[[43.647263, -79.395212], 1]
[[43.647266, -79.395156], 1]
[[43.647275, -79.395181], 1]
[[43.647288, -79.386048], 1]
[[43.647288, -79.375573], 1]
[[43.647294, -79.395417], 1]
[[43.647294, -79.376464], 1]
[[43.647297, -79.379525], 1]
[[43.647311, -79.391823], 1]
[[43.647311, -79.385773], 1]
[[43.64732, -79.376083], 1]
[[43.647322, -79.375992], 1]
[[43.647327, -79.395256], 1]
[[43.647333, -79.386033], 1]
[[43.647334, -79.382314], 1]
[[43.647341, -79.3768], 1]
[[43.647346, -79.376305], 1]
[[43.647358, -79.381042], 1]
[[43.647361, -79.376792], 1]
[[43.647367, -79.392095], 1]
[[43.647377, -79.394042], 1]
[[43.647394, -79.395898], 1]
[[43.647402, -79.395487], 1]
[[43.647422, -79.376587], 1]
[[43.64743, -79.395539], 1]
[[43.647444, -79.385703], 1]
[[43.647488, -79.381395], 1]
[[43.6475, -79.385925], 1]
[[43.64752, -79.39089], 1]
[[43.647536, -79.376612], 1]
[[43.647552, -79.384698], 1]
[[43.647574, -79.390617], 1]
[[43.647591, -79.377525], 1]
[[43.647594, -79.39142], 1]
[[43.647594, -79.385978], 1]
[[43.647597, -79.384698], 1]
[[43.647622, -79.384156], 1]
[[43.647659, -79.373484], 1]
[[43.647661, -79.380581], 1]
[[43.647674, -79.380544], 1]
[[43.647683, -79.384706], 1]
[[43.647686, -79.377587], 1]
[[43.647707, -79.390242], 1]
[[43.64775, -79.39471], 1]
[[43.647769, -79.378312], 1]
[[43.647775, -79.385942], 1]
[[43.647777, -79.378889], 1]
[[43.647841, -79.375412], 1]
[[43.647872, -79.386192], 1]
[[43.647872, -79.381089], 1]
[[43.6479, -79.3808], 1]
[[43.647905, -79.376886], 1]
[[43.647908, -79.396081], 1]
[[43.647931, -79.373392], 1]
[[43.647955, -79.386306], 1]
[[43.647955, -79.382357], 1]
[[43.647956, -79.378665], 1]
[[43.647972, -79.380035], 1]
[[43.647986, -79.375734], 1]
[[43.647991, -79.386392], 1]
[[43.647991, -79.377159], 1]
[[43.647994, -79.396181], 1]
[[43.647999, -79.388667], 1]
[[43.648004, -79.388667], 1]
[[43.648009, -79.378547], 1]
[[43.64803, -79.393945], 1]
[[43.648033, -79.37535], 1]
[[43.64807, -79.380748], 1]
[[43.648083, -79.378998], 1]
[[43.648091, -79.385567], 1]
[[43.648125, -79.381048], 1]
[[43.648177, -79.386239], 1]
[[43.648205, -79.375642], 1]
[[43.648239, -79.38625], 1]
[[43.648245, -79.380169], 1]
[[43.648277, -79.386245], 1]
[[43.64828, -79.374746], 1]
[[43.648316, -79.387062], 1]
[[43.648327, -79.37148], 1]
[[43.64833, -79.39016], 1]
[[43.648347, -79.383956], 1]
[[43.648388, -79.380254], 1]
[[43.648394, -79.386262], 1]
[[43.648394, -79.386231], 1]
[[43.648402, -79.374114], 1]
[[43.648403, -79.374113], 1]
[[43.648427, -79.396573], 1]
[[43.648455, -79.386627], 1]
[[43.648527, -79.381309], 1]
[[43.648541, -79.378662], 1]
[[43.648544, -79.386475], 1]
[[43.648544, -79.373924], 1]
[[43.648575, -79.386659], 1]
[[43.648583, -79.380189], 1]
[[43.64861, -79.380347], 1]
[[43.648636, -79.396467], 1]
[[43.648636, -79.386603], 1]
[[43.648666, -79.373542], 1]
[[43.648707, -79.371553], 1]
[[43.648711, -79.385537], 1]
[[43.648712, -79.396436], 1]
[[43.648761, -79.386681], 1]
[[43.648772, -79.380234], 1]
[[43.648777, -79.37365], 1]
[[43.648789, -79.377981], 1]
[[43.648813, -79.379181], 1]
[[43.648819, -79.392075], 1]
[[43.64882, -79.379279], 1]
[[43.648823, -79.386316], 1]
[[43.648872, -79.379906], 1]
[[43.648875, -79.396441], 1]
[[43.64888, -79.3789], 1]
[[43.648888, -79.395266], 1]
[[43.648888, -79.363612], 1]
[[43.648913, -79.390009], 1]
[[43.64893, -79.386337], 1]
[[43.648963, -79.378066], 1]
[[43.648975, -79.38533], 1]
[[43.648983, -79.391695], 1]
[[43.649, -79.382], 1]
[[43.649016, -79.395503], 1]
[[43.649016, -79.385178], 1]
[[43.649078, -79.380286], 1]
[[43.649083, -79.395872], 1]
[[43.649113, -79.395081], 1]
[[43.64913, -79.384598], 1]
[[43.649152, -79.372181], 1]
[[43.649158, -79.379234], 1]
[[43.649188, -79.395203], 1]
[[43.649191, -79.386859], 1]
[[43.649197, -79.372131], 1]
[[43.649203, -79.381942], 1]
[[43.649219, -79.394523], 1]
[[43.649219, -79.371645], 1]
[[43.649245, -79.377654], 1]
[[43.649269, -79.372328], 1]
[[43.649275, -79.39522], 1]
[[43.649308, -79.372892], 1]
[[43.649325, -79.389923], 1]
[[43.649341, -79.386598], 1]
[[43.649341, -79.386181], 1]
[[43.649346, -79.376436], 1]
[[43.649363, -79.39135], 1]
[[43.64938, -79.382378], 1]
[[43.649383, -79.377303], 1]
[[43.64939, -79.379423], 1]
[[43.649436, -79.393837], 1]
[[43.649441, -79.388367], 1]
[[43.649506, -79.385963], 1]
[[43.649515, -79.385993], 1]
[[43.649516, -79.392369], 1]
[[43.649532, -79.393672], 1]
[[43.64955, -79.3917], 1]
[[43.649552, -79.388309], 1]
[[43.649566, -79.390898], 1]
[[43.649619, -79.39292], 1]
[[43.649625, -79.383087], 1]
[[43.649655, -79.386856], 1]
[[43.649688, -79.38672], 1]
[[43.649722, -79.391112], 1]
[[43.64973, -79.386964], 1]
[[43.649733, -79.394475], 1]
[[43.64975, -79.386848], 1]
[[43.64978, -79.378173], 1]
[[43.649791, -79.376923], 1]
[[43.649798, -79.384081], 1]
[[43.6498, -79.379478], 1]
[[43.649825, -79.390939], 1]
[[43.649841, -79.391], 1]
[[43.649844, -79.361489], 1]
[[43.649865, -79.390905], 1]
[[43.649865, -79.3899], 1]
[[43.649869, -79.394009], 1]
[[43.649875, -79.391], 1]
[[43.64988, -79.390976], 1]
[[43.649909, -79.390398], 1]
[[43.64992, -79.390912], 1]
[[43.649924, -79.390928], 1]
[[43.64995, -79.390861], 1]
[[43.649991, -79.391038], 1]
[[43.650033, -79.390403], 1]
[[43.650036, -79.390459], 1]
[[43.650058, -79.380705], 1]
[[43.650105, -79.380523], 1]
[[43.65013, -79.380845], 1]
[[43.650138, -79.389314], 1]
[[43.650183, -79.363137], 1]
[[43.650197, -79.389289], 1]
[[43.650219, -79.386956], 1]
[[43.650292, -79.374309], 1]
[[43.650321, -79.372991], 1]
[[43.65033, -79.389213], 1]
[[43.650408, -79.372581], 1]
[[43.650425, -79.38862], 1]
[[43.650486, -79.380784], 1]
[[43.650523, -79.372937], 1]
[[43.650544, -79.388092], 1]
[[43.650555, -79.394167], 1]
[[43.650555, -79.378167], 1]
[[43.650563, -79.386492], 1]
[[43.650575, -79.387337], 1]
[[43.650583, -79.384156], 1]
[[43.650627, -79.380645], 1]
[[43.650672, -79.388848], 1]
[[43.6507, -79.386909], 1]
[[43.650707, -79.381065], 1]
[[43.650755, -79.388839], 1]
[[43.65076, -79.38093], 1]
[[43.650791, -79.374717], 1]
[[43.650833, -79.371667], 1]
[[43.650895, -79.386638], 1]
[[43.6509, -79.386192], 1]
[[43.650911, -79.382062], 1]
[[43.650956, -79.375472], 1]
[[43.65102, -79.390275], 1]
[[43.651022, -79.376439], 1]
[[43.651066, -79.380468], 1]
[[43.651216, -79.364489], 1]
[[43.651276, -79.385308], 1]
[[43.651294, -79.386956], 1]
[[43.651297, -79.385845], 1]
[[43.651311, -79.381431], 1]
[[43.651313, -79.386014], 1]
[[43.651333, -79.386667], 1]
[[43.651346, -79.387872], 1]
[[43.65141, -79.3801], 1]
[[43.651419, -79.384462], 1]
[[43.651427, -79.384239], 1]
[[43.651438, -79.377884], 1]
[[43.651466, -79.363975], 1]
[[43.651486, -79.383248], 1]
[[43.651486, -79.372242], 1]
[[43.651513, -79.394117], 1]
[[43.651564, -79.383655], 1]
[[43.65161, -79.385275], 1]
[[43.651644, -79.383798], 1]
[[43.65165, -79.383537], 1]
[[43.651725, -79.370231], 1]
[[43.651763, -79.382089], 1]
[[43.651794, -79.384995], 1]
[[43.651838, -79.382964], 1]
[[43.651869, -79.383125], 1]
[[43.651913, -79.382392], 1]
[[43.651927, -79.387789], 1]
[[43.651944, -79.383859], 1]
[[43.651944, -79.377819], 1]
[[43.651961, -79.383087], 1]
[[43.651966, -79.383178], 1]
[[43.652022, -79.383698], 1]
[[43.652022, -79.381928], 1]
[[43.652022, -79.381614], 1]
[[43.652027, -79.392162], 1]
[[43.652048, -79.383553], 1]
[[43.652091, -79.383431], 1]
[[43.652091, -79.381462], 1]
[[43.652122, -79.383291], 1]
[[43.652133, -79.381409], 1]
[[43.652146, -79.383058], 1]
[[43.652188, -79.383075], 1]
[[43.652203, -79.382942], 1]
[[43.652211, -79.383562], 1]
[[43.652225, -79.383851], 1]
[[43.65223, -79.382806], 1]
[[43.652247, -79.383398], 1]
[[43.652266, -79.382684], 1]
[[43.652272, -79.382723], 1]
[[43.652275, -79.37988], 1]
[[43.652282, -79.383669], 1]
[[43.652283, -79.382934], 1]
[[43.652295, -79.379948], 1]
[[43.652324, -79.381725], 1]
[[43.652324, -79.380952], 1]
[[43.652338, -79.385987], 1]
[[43.65234, -79.390769], 1]
[[43.652371, -79.38372], 1]
[[43.652375, -79.38845], 1]
[[43.652408, -79.383148], 1]
[[43.652455, -79.382703], 1]
[[43.652487, -79.379374], 1]
[[43.652488, -79.383409], 1]
[[43.65251, -79.381281], 1]
[[43.652514, -79.383033], 1]
[[43.652522, -79.382764], 1]
[[43.652526, -79.383634], 1]
[[43.652529, -79.384304], 1]
[[43.652541, -79.383112], 1]
[[43.652552, -79.383134], 1]
[[43.652552, -79.379525], 1]
[[43.652566, -79.381322], 1]
[[43.652575, -79.379662], 1]
[[43.652591, -79.383125], 1]
[[43.652594, -79.3832], 1]
[[43.652602, -79.392212], 1]
[[43.652608, -79.383995], 1]
[[43.652627, -79.394014], 1]
[[43.652627, -79.383834], 1]
[[43.652633, -79.383003], 1]
[[43.652636, -79.380112], 1]
[[43.65265, -79.375634], 1]
[[43.652652, -79.383095], 1]
[[43.652652, -79.382873], 1]
[[43.652653, -79.3838], 1]
[[43.652666, -79.390951], 1]
[[43.652666, -79.38372], 1]
[[43.652674, -79.383451], 1]
[[43.652674, -79.382539], 1]
[[43.65268, -79.388328], 1]
[[43.652691, -79.383287], 1]
[[43.652711, -79.379784], 1]
[[43.652716, -79.383239], 1]
[[43.652722, -79.382066], 1]
[[43.65273, -79.383178], 1]
[[43.652741, -79.383173], 1]
[[43.652741, -79.383142], 1]
[[43.652741, -79.383112], 1]
[[43.652747, -79.383209], 1]
[[43.652761, -79.383031], 1]
[[43.652767, -79.383795], 1]
[[43.652774, -79.384329], 1]
[[43.652775, -79.384187], 1]
[[43.652784, -79.384355], 1]
[[43.652813, -79.365503], 1]
[[43.652852, -79.379611], 1]
[[43.652866, -79.36532], 1]
[[43.652875, -79.365259], 1]
[[43.652886, -79.384081], 1]
[[43.652887, -79.380056], 1]
[[43.652888, -79.365334], 1]
[[43.652888, -79.365228], 1]
[[43.652888, -79.365142], 1]
[[43.652905, -79.365325], 1]
[[43.652916, -79.365295], 1]
[[43.652919, -79.365617], 1]
[[43.652922, -79.392753], 1]
[[43.652922, -79.365295], 1]
[[43.652936, -79.365425], 1]
[[43.652941, -79.365325], 1]
[[43.652952, -79.365281], 1]
[[43.652983, -79.391962], 1]
[[43.653013, -79.392503], 1]
[[43.653033, -79.365487], 1]
[[43.653038, -79.383881], 1]
[[43.653055, -79.379166], 1]
[[43.653058, -79.365303], 1]
[[43.65307, -79.383663], 1]
[[43.653088, -79.365639], 1]
[[43.653094, -79.365228], 1]
[[43.65313, -79.365364], 1]
[[43.653133, -79.380259], 1]
[[43.653141, -79.38445], 1]
[[43.653141, -79.365289], 1]
[[43.653147, -79.384845], 1]
[[43.653167, -79.383797], 1]
[[43.653168, -79.383798], 1]
[[43.653172, -79.384414], 1]
[[43.653197, -79.396478], 1]
[[43.6532, -79.396478], 1]
[[43.653208, -79.384262], 1]
[[43.653209, -79.382132], 1]
[[43.653211, -79.396503], 1]
[[43.653233, -79.396264], 1]
[[43.653236, -79.379528], 1]
[[43.653238, -79.396209], 1]
[[43.653247, -79.387537], 1]
[[43.653252, -79.396239], 1]
[[43.653263, -79.384301], 1]
[[43.653274, -79.384218], 1]
[[43.653286, -79.396356], 1]
[[43.653313, -79.385681], 1]
[[43.653333, -79.396167], 1]
[[43.653333, -79.382667], 1]
[[43.653337, -79.383683], 1]
[[43.653361, -79.396495], 1]
[[43.653367, -79.383424], 1]
[[43.653391, -79.3656], 1]
[[43.6534, -79.36615], 1]
[[43.653413, -79.383276], 1]
[[43.653481, -79.384236], 1]
[[43.653483, -79.38327], 1]
[[43.653511, -79.38527], 1]
[[43.653535, -79.38402], 1]
[[43.653535, -79.383816], 1]
[[43.653575, -79.384559], 1]
[[43.653613, -79.383156], 1]
[[43.653621, -79.382271], 1]
[[43.653625, -79.38364], 1]
[[43.653655, -79.381056], 1]
[[43.653705, -79.374276], 1]
[[43.653716, -79.383317], 1]
[[43.653732, -79.385982], 1]
[[43.653733, -79.391767], 1]
[[43.653747, -79.393595], 1]
[[43.653774, -79.393167], 1]
[[43.653839, -79.377281], 1]
[[43.653846, -79.384279], 1]
[[43.653852, -79.392787], 1]
[[43.653911, -79.392509], 1]
[[43.653911, -79.379081], 1]
[[43.653922, -79.379806], 1]
[[43.653938, -79.379189], 1]
[[43.65395, -79.388939], 1]
[[43.65395, -79.379181], 1]
[[43.653961, -79.392862], 1]
[[43.653961, -79.392839], 1]
[[43.653961, -79.379081], 1]
[[43.65398, -79.385545], 1]
[[43.653983, -79.392548], 1]
[[43.653994, -79.375084], 1]
[[43.654002, -79.379639], 1]
[[43.654008, -79.392853], 1]
[[43.654008, -79.37905], 1]
[[43.654011, -79.377578], 1]
[[43.654013, -79.379112], 1]
[[43.654022, -79.378884], 1]
[[43.654079, -79.381477], 1]
[[43.65408, -79.379006], 1]
[[43.654086, -79.379128], 1]
[[43.654094, -79.379112], 1]
[[43.654097, -79.379045], 1]
[[43.654102, -79.379028], 1]
[[43.654105, -79.379], 1]
[[43.654144, -79.379028], 1]
[[43.654147, -79.379006], 1]
[[43.654186, -79.379556], 1]
[[43.654194, -79.384406], 1]
[[43.654194, -79.379006], 1]
[[43.654225, -79.378625], 1]
[[43.654233, -79.384528], 1]
[[43.654247, -79.385376], 1]
[[43.654272, -79.383467], 1]
[[43.654308, -79.375245], 1]
[[43.654311, -79.387812], 1]
[[43.654363, -79.38965], 1]
[[43.654391, -79.391556], 1]
[[43.654408, -79.381181], 1]
[[43.654419, -79.391817], 1]
[[43.654428, -79.382282], 1]
[[43.654441, -79.380937], 1]
[[43.654513, -79.380748], 1]
[[43.654519, -79.37925], 1]
[[43.654521, -79.37916], 1]
[[43.65455, -79.380914], 1]
[[43.654559, -79.386765], 1]
[[43.654569, -79.391617], 1]
[[43.654594, -79.378687], 1]
[[43.654611, -79.391584], 1]
[[43.654622, -79.37805], 1]
[[43.654636, -79.380898], 1]
[[43.654653, -79.382658], 1]
[[43.654655, -79.364625], 1]
[[43.654684, -79.38093], 1]
[[43.654696, -79.382271], 1]
[[43.65472, -79.38855], 1]
[[43.654736, -79.37867], 1]
[[43.654816, -79.38034], 1]
[[43.654833, -79.368667], 1]
[[43.654849, -79.364334], 1]
[[43.654888, -79.380859], 1]
[[43.654917, -79.388194], 1]
[[43.65495, -79.389092], 1]
[[43.654952, -79.380158], 1]
[[43.654961, -79.364831], 1]
[[43.654963, -79.387], 1]
[[43.655, -79.379081], 1]
[[43.655061, -79.388534], 1]
[[43.655075, -79.379242], 1]
[[43.655086, -79.384961], 1]
[[43.655105, -79.384056], 1]
[[43.65512, -79.37709], 1]
[[43.655163, -79.376525], 1]
[[43.655169, -79.386276], 1]
[[43.655211, -79.386345], 1]
[[43.655219, -79.386178], 1]
[[43.655251, -79.386101], 1]
[[43.655256, -79.385308], 1]
[[43.655438, -79.380795], 1]
[[43.65553, -79.384764], 1]
[[43.6556, -79.381091], 1]
[[43.655605, -79.380664], 1]
[[43.655644, -79.379264], 1]
[[43.655688, -79.379809], 1]
[[43.655732, -79.381145], 1]
[[43.65574, -79.383757], 1]
[[43.65578, -79.379962], 1]
[[43.655827, -79.380417], 1]
[[43.655833, -79.380061], 1]
[[43.655852, -79.388581], 1]
[[43.655875, -79.380287], 1]
[[43.655875, -79.379367], 1]
[[43.655884, -79.380597], 1]
[[43.655891, -79.374337], 1]
[[43.655894, -79.379925], 1]
[[43.655933, -79.380256], 1]
[[43.655934, -79.380973], 1]
[[43.655955, -79.380384], 1]
[[43.655955, -79.379837], 1]
[[43.655961, -79.380992], 1]
[[43.655965, -79.380919], 1]
[[43.655971, -79.38057], 1]
[[43.655973, -79.380329], 1]
[[43.655977, -79.379709], 1]
[[43.655983, -79.380867], 1]
[[43.655988, -79.381073], 1]
[[43.655996, -79.38063], 1]
[[43.655997, -79.380845], 1]
[[43.655997, -79.380475], 1]
[[43.656013, -79.3811], 1]
[[43.656022, -79.391931], 1]
[[43.656022, -79.380373], 1]
[[43.656025, -79.391931], 1]
[[43.65605, -79.392269], 1]
[[43.656063, -79.380495], 1]
[[43.656063, -79.380456], 1]
[[43.656066, -79.380614], 1]
[[43.656068, -79.381976], 1]
[[43.656069, -79.380931], 1]
[[43.656069, -79.379959], 1]
[[43.656075, -79.380342], 1]
[[43.656077, -79.380517], 1]
[[43.656088, -79.3805], 1]
[[43.656094, -79.380578], 1]
[[43.656097, -79.380981], 1]
[[43.656097, -79.379784], 1]
[[43.656105, -79.380348], 1]
[[43.656105, -79.380345], 1]
[[43.656108, -79.380467], 1]
[[43.656111, -79.380448], 1]
[[43.656112, -79.39315], 1]
[[43.656112, -79.381027], 1]
[[43.656113, -79.380684], 1]
[[43.656119, -79.380928], 1]
[[43.656122, -79.380948], 1]
[[43.656124, -79.380934], 1]
[[43.656124, -79.3809], 1]
[[43.656124, -79.380356], 1]
[[43.656124, -79.3798], 1]
[[43.656127, -79.381692], 1]
[[43.656127, -79.380998], 1]
[[43.656127, -79.380487], 1]
[[43.65613, -79.381062], 1]
[[43.656136, -79.380834], 1]
[[43.656136, -79.380273], 1]
[[43.656138, -79.380853], 1]
[[43.656138, -79.380823], 1]
[[43.656144, -79.380792], 1]
[[43.656155, -79.380939], 1]
[[43.656158, -79.380831], 1]
[[43.656161, -79.380509], 1]
[[43.656163, -79.38082], 1]
[[43.656169, -79.380614], 1]
[[43.656177, -79.380812], 1]
[[43.65618, -79.380745], 1]
[[43.656186, -79.380856], 1]
[[43.656191, -79.380859], 1]
[[43.656205, -79.380873], 1]
[[43.656206, -79.381874], 1]
[[43.656211, -79.381462], 1]
[[43.656211, -79.380775], 1]
[[43.656211, -79.380653], 1]
[[43.656213, -79.381113], 1]
[[43.656213, -79.380662], 1]
[[43.656216, -79.380839], 1]
[[43.656222, -79.380814], 1]
[[43.656225, -79.381003], 1]
[[43.656227, -79.380862], 1]
[[43.65623, -79.380817], 1]
[[43.65623, -79.379425], 1]
[[43.656233, -79.380625], 1]
[[43.656236, -79.380856], 1]
[[43.656238, -79.38062], 1]
[[43.656238, -79.380581], 1]
[[43.656244, -79.38077], 1]
[[43.656247, -79.380789], 1]
[[43.656252, -79.38085], 1]
[[43.656255, -79.38087], 1]
[[43.656261, -79.392937], 1]
[[43.656261, -79.380856], 1]
[[43.656261, -79.38077], 1]
[[43.656261, -79.38067], 1]
[[43.656268, -79.378752], 1]
[[43.656269, -79.380712], 1]
[[43.656272, -79.38062], 1]
[[43.656277, -79.380881], 1]
[[43.656283, -79.377014], 1]
[[43.656288, -79.380898], 1]
[[43.656308, -79.380695], 1]
[[43.656308, -79.380648], 1]
[[43.656313, -79.380714], 1]
[[43.656316, -79.380767], 1]
[[43.656319, -79.380764], 1]
[[43.656322, -79.380706], 1]
[[43.656322, -79.379643], 1]
[[43.65633, -79.380373], 1]
[[43.656349, -79.379731], 1]
[[43.656369, -79.383951], 1]
[[43.656375, -79.379959], 1]
[[43.656384, -79.380984], 1]
[[43.6564, -79.380018], 1]
[[43.6564, -79.379643], 1]
[[43.656416, -79.3805], 1]
[[43.656422, -79.377542], 1]
[[43.656436, -79.379967], 1]
[[43.656477, -79.380989], 1]
[[43.656477, -79.377218], 1]
[[43.656491, -79.3805], 1]
[[43.6565, -79.388501], 1]
[[43.656513, -79.394059], 1]
[[43.656516, -79.373795], 1]
[[43.656536, -79.388878], 1]
[[43.656539, -79.380705], 1]
[[43.656544, -79.380928], 1]
[[43.656545, -79.373633], 1]
[[43.656555, -79.381759], 1]
[[43.656575, -79.388687], 1]
[[43.65658, -79.380014], 1]
[[43.656586, -79.379631], 1]
[[43.656597, -79.381187], 1]
[[43.656638, -79.377312], 1]
[[43.65666, -79.37499], 1]
[[43.656694, -79.381242], 1]
[[43.6567, -79.381042], 1]
[[43.656718, -79.381273], 1]
[[43.656719, -79.381728], 1]
[[43.656722, -79.384287], 1]
[[43.656741, -79.381784], 1]
[[43.656747, -79.381881], 1]
[[43.656763, -79.3814], 1]
[[43.656865, -79.371939], 1]
[[43.656866, -79.384239], 1]
[[43.656926, -79.381651], 1]
[[43.656935, -79.375426], 1]
[[43.656962, -79.381617], 1]
[[43.656997, -79.379923], 1]
[[43.657052, -79.379085], 1]
[[43.65715, -79.37652], 1]
[[43.65718, -79.376231], 1]
[[43.657255, -79.376325], 1]
[[43.657263, -79.38112], 1]
[[43.657275, -79.381134], 1]
[[43.657347, -79.373441], 1]
[[43.657378, -79.378269], 1]
[[43.657494, -79.384675], 1]
[[43.657517, -79.384664], 1]
[[43.657525, -79.384632], 1]
[[43.657555, -79.384812], 1]
[[43.657556, -79.379568], 1]
[[43.657603, -79.381123], 1]
[[43.65763, -79.380042], 1]
[[43.657652, -79.384987], 1]
[[43.657666, -79.382834], 1]
[[43.657677, -79.385042], 1]
[[43.657772, -79.388534], 1]
[[43.657794, -79.385217], 1]
[[43.657812, -79.372326], 1]
[[43.657855, -79.38182], 1]
[[43.657913, -79.381713], 1]
[[43.657955, -79.381507], 1]
[[43.658, -79.388], 1]
[[43.658002, -79.381831], 1]
[[43.658037, -79.379085], 1]
[[43.658066, -79.37857], 1]
[[43.658122, -79.379198], 1]
[[43.658127, -79.381639], 1]
[[43.65813, -79.381642], 1]
[[43.658152, -79.381737], 1]
[[43.658208, -79.381537], 1]
[[43.658213, -79.3817], 1]
[[43.658249, -79.38182], 1]
[[43.658261, -79.381531], 1]
[[43.658313, -79.371854], 1]
[[43.658344, -79.380592], 1]
[[43.658402, -79.376625], 1]
[[43.658422, -79.38181], 1]
[[43.658425, -79.382406], 1]
[[43.658425, -79.365787], 1]
[[43.658466, -79.385698], 1]
[[43.65855, -79.385329], 1]
[[43.65865, -79.376525], 1]
[[43.658875, -79.380239], 1]
[[43.658907, -79.38314], 1]
[[43.658927, -79.382003], 1]
[[43.658958, -79.377814], 1]
[[43.659004, -79.387153], 1]
[[43.659008, -79.395747], 1]
[[43.659272, -79.392882], 1]
[[43.659333, -79.394], 1]
[[43.659333, -79.393834], 1]
[[43.659333, -79.3935], 1]
[[43.659333, -79.390167], 1]
[[43.65945, -79.367409], 1]
[[43.659466, -79.393537], 1]
[[43.659466, -79.380232], 1]
[[43.659522, -79.390676], 1]
[[43.659522, -79.382156], 1]
[[43.659622, -79.365871], 1]
[[43.659625, -79.390595], 1]
[[43.659655, -79.388651], 1]
[[43.659666, -79.392167], 1]
[[43.659666, -79.391834], 1]
[[43.659705, -79.378387], 1]
[[43.659737, -79.382432], 1]
[[43.659744, -79.378784], 1]
[[43.659783, -79.379281], 1]
[[43.659792, -79.364129], 1]
[[43.659794, -79.378298], 1]
[[43.659823, -79.387464], 1]
[[43.659846, -79.389406], 1]
[[43.6599, -79.384139], 1]
[[43.659962, -79.391595], 1]
[[43.660033, -79.389014], 1]
[[43.660033, -79.388931], 1]
[[43.660038, -79.389023], 1]
[[43.660063, -79.389009], 1]
[[43.660227, -79.366267], 1]
[[43.660377, -79.383081], 1]
[[43.660477, -79.382439], 1]
[[43.660552, -79.373323], 1]
[[43.66058, -79.378784], 1]
[[43.660632, -79.389981], 1]
[[43.660648, -79.378915], 1]
[[43.660675, -79.395103], 1]
[[43.660694, -79.395416], 1]
[[43.660744, -79.390862], 1]
[[43.660752, -79.38282], 1]
[[43.660763, -79.390823], 1]
[[43.660788, -79.366364], 1]
[[43.660819, -79.378839], 1]
[[43.66083, -79.378928], 1]
[[43.660891, -79.390984], 1]
[[43.660979, -79.379289], 1]
[[43.660995, -79.383054], 1]
[[43.661, -79.392167], 1]
[[43.661022, -79.378984], 1]
[[43.661074, -79.381937], 1]
[[43.661097, -79.378809], 1]
[[43.661113, -79.383112], 1]
[[43.661116, -79.391053], 1]
[[43.661119, -79.378774], 1]
[[43.661152, -79.383103], 1]
[[43.661152, -79.382964], 1]
[[43.661236, -79.379081], 1]
[[43.661255, -79.394548], 1]
[[43.661258, -79.382175], 1]
[[43.661269, -79.383684], 1]
[[43.66128, -79.379081], 1]
[[43.661311, -79.391167], 1]
[[43.661316, -79.379089], 1]
[[43.661345, -79.391174], 1]
[[43.661352, -79.394495], 1]
[[43.66138, -79.383042], 1]
[[43.661383, -79.38313], 1]
[[43.661427, -79.372917], 1]
[[43.661445, -79.383087], 1]
[[43.661451, -79.383153], 1]
[[43.661483, -79.378984], 1]
[[43.6615, -79.394], 1]
[[43.661522, -79.373935], 1]
[[43.661583, -79.394798], 1]
[[43.661583, -79.391923], 1]
[[43.661622, -79.391278], 1]
[[43.661666, -79.379242], 1]
[[43.661666, -79.374444], 1]
[[43.661683, -79.383081], 1]
[[43.661708, -79.373787], 1]
[[43.661719, -79.382995], 1]
[[43.661755, -79.380373], 1]
[[43.661761, -79.391253], 1]
[[43.661761, -79.382859], 1]
[[43.661788, -79.383414], 1]
[[43.661802, -79.393955], 1]
[[43.661814, -79.39365], 1]
[[43.661831, -79.383389], 1]
[[43.66185, -79.379478], 1]
[[43.661852, -79.383995], 1]
[[43.661853, -79.38343], 1]
[[43.661888, -79.379762], 1]
[[43.661891, -79.382684], 1]
[[43.661941, -79.379531], 1]
[[43.661961, -79.384012], 1]
[[43.662008, -79.3794], 1]
[[43.662019, -79.379761], 1]
[[43.662033, -79.382142], 1]
[[43.662094, -79.381317], 1]
[[43.662103, -79.369399], 1]
[[43.662124, -79.395164], 1]
[[43.662147, -79.38372], 1]
[[43.662208, -79.383484], 1]
[[43.662216, -79.374473], 1]
[[43.662222, -79.395833], 1]
[[43.662236, -79.384209], 1]
[[43.662241, -79.374673], 1]
[[43.66225, -79.374503], 1]
[[43.662261, -79.375259], 1]
[[43.662266, -79.373825], 1]
[[43.662291, -79.383401], 1]
[[43.662308, -79.3947], 1]
[[43.662327, -79.373795], 1]
[[43.662333, -79.375275], 1]
[[43.662361, -79.38357], 1]
[[43.662368, -79.392024], 1]
[[43.662375, -79.384095], 1]
[[43.662384, -79.395521], 1]
[[43.662419, -79.37372], 1]
[[43.662452, -79.375734], 1]
[[43.662461, -79.385642], 1]
[[43.662475, -79.374153], 1]
[[43.662486, -79.373498], 1]
[[43.662494, -79.384012], 1]
[[43.662533, -79.39467], 1]
[[43.662552, -79.378762], 1]
[[43.662563, -79.395661], 1]
[[43.662573, -79.395891], 1]
[[43.662586, -79.389492], 1]
[[43.662609, -79.379643], 1]
[[43.662637, -79.393308], 1]
[[43.662666, -79.373017], 1]
[[43.662708, -79.379692], 1]
[[43.662711, -79.37345], 1]
[[43.662757, -79.374858], 1]
[[43.662813, -79.379487], 1]
[[43.66283, -79.383659], 1]
[[43.66293, -79.383531], 1]
[[43.663036, -79.383431], 1]
[[43.663063, -79.364998], 1]
[[43.663075, -79.364784], 1]
[[43.663086, -79.382814], 1]
[[43.663088, -79.365006], 1]
[[43.663108, -79.364989], 1]
[[43.663113, -79.364975], 1]
[[43.663129, -79.395157], 1]
[[43.663191, -79.382631], 1]
[[43.663247, -79.382714], 1]
[[43.663282, -79.383668], 1]
[[43.663291, -79.379998], 1]
[[43.663302, -79.382784], 1]
[[43.663313, -79.38247], 1]
[[43.663333, -79.382334], 1]
[[43.663355, -79.382545], 1]
[[43.663361, -79.380014], 1]
[[43.663402, -79.383164], 1]
[[43.663411, -79.382934], 1]
[[43.663422, -79.383657], 1]
[[43.663433, -79.379953], 1]
[[43.663558, -79.367584], 1]
[[43.663588, -79.380081], 1]
[[43.663599, -79.380164], 1]
[[43.663642, -79.362808], 1]
[[43.663681, -79.362754], 1]
[[43.663697, -79.393556], 1]
[[43.663697, -79.380014], 1]
[[43.663719, -79.394781], 1]
[[43.663723, -79.362846], 1]
[[43.663742, -79.362724], 1]
[[43.663761, -79.380209], 1]
[[43.663783, -79.380256], 1]
[[43.663863, -79.373406], 1]
[[43.66389, -79.394631], 1]
[[43.663952, -79.380437], 1]
[[43.663966, -79.3814], 1]
[[43.663975, -79.39536], 1]
[[43.663983, -79.369], 1]
[[43.664002, -79.381631], 1]
[[43.664005, -79.381292], 1]
[[43.664075, -79.380256], 1]
[[43.664127, -79.380195], 1]
[[43.66413, -79.380362], 1]
[[43.664233, -79.383356], 1]
[[43.664256, -79.368785], 1]
[[43.664272, -79.383414], 1]
[[43.664311, -79.380356], 1]
[[43.664322, -79.380256], 1]
[[43.664366, -79.380273], 1]
[[43.66438, -79.380378], 1]
[[43.664394, -79.380387], 1]
[[43.664413, -79.393823], 1]
[[43.664431, -79.363667], 1]
[[43.664466, -79.380767], 1]
[[43.664466, -79.380464], 1]
[[43.664503, -79.384417], 1]
[[43.664525, -79.380403], 1]
[[43.66458, -79.395307], 1]
[[43.664588, -79.380509], 1]
[[43.664647, -79.380456], 1]
[[43.66468, -79.383484], 1]
[[43.664719, -79.39277], 1]
[[43.664761, -79.380525], 1]
[[43.664783, -79.380614], 1]
[[43.664855, -79.379731], 1]
[[43.664875, -79.384445], 1]
[[43.664877, -79.385034], 1]
[[43.664894, -79.384414], 1]
[[43.664977, -79.384401], 1]
[[43.664994, -79.384598], 1]
[[43.665008, -79.380584], 1]
[[43.665041, -79.380645], 1]
[[43.665047, -79.383912], 1]
[[43.665055, -79.38005], 1]
[[43.665077, -79.393697], 1]
[[43.665077, -79.384492], 1]
[[43.665102, -79.383889], 1]
[[43.665127, -79.383501], 1]
[[43.665147, -79.380745], 1]
[[43.665211, -79.377625], 1]
[[43.665213, -79.380798], 1]
[[43.665225, -79.38347], 1]
[[43.665248, -79.380706], 1]
[[43.665269, -79.381142], 1]
[[43.665277, -79.384844], 1]
[[43.665277, -79.384806], 1]
[[43.66528, -79.37629], 1]
[[43.665288, -79.380698], 1]
[[43.665319, -79.380756], 1]
[[43.665341, -79.382828], 1]
[[43.665372, -79.3826], 1]
[[43.665377, -79.3825], 1]
[[43.665438, -79.384895], 1]
[[43.665447, -79.380912], 1]
[[43.665455, -79.380867], 1]
[[43.665461, -79.384781], 1]
[[43.665472, -79.38482], 1]
[[43.665489, -79.389932], 1]
[[43.665508, -79.38098], 1]
[[43.665516, -79.38192], 1]
[[43.665541, -79.381037], 1]
[[43.665566, -79.381959], 1]
[[43.665566, -79.380889], 1]
[[43.665588, -79.381081], 1]
[[43.665619, -79.381492], 1]
[[43.665619, -79.381225], 1]
[[43.665622, -79.381356], 1]
[[43.665631, -79.380793], 1]
[[43.665638, -79.381217], 1]
[[43.665644, -79.381242], 1]
[[43.665644, -79.380981], 1]
[[43.665675, -79.380403], 1]
[[43.66568, -79.380994], 1]
[[43.665691, -79.380792], 1]
[[43.665694, -79.381142], 1]
[[43.665694, -79.38112], 1]
[[43.665694, -79.381098], 1]
[[43.665702, -79.381478], 1]
[[43.665705, -79.380525], 1]
[[43.665711, -79.381142], 1]
[[43.665729, -79.380962], 1]
[[43.66573, -79.381431], 1]
[[43.665755, -79.38105], 1]
[[43.665755, -79.381028], 1]
[[43.665775, -79.381059], 1]
[[43.665783, -79.380509], 1]
[[43.665786, -79.381142], 1]
[[43.665794, -79.381097], 1]
[[43.665805, -79.381539], 1]
[[43.665827, -79.381303], 1]
[[43.665851, -79.381039], 1]
[[43.665872, -79.380153], 1]
[[43.665925, -79.380531], 1]
[[43.665938, -79.381592], 1]
[[43.665938, -79.381037], 1]
[[43.665946, -79.377808], 1]
[[43.665949, -79.381089], 1]
[[43.665997, -79.370362], 1]
[[43.666009, -79.377808], 1]
[[43.666058, -79.384323], 1]
[[43.666058, -79.36657], 1]
[[43.666078, -79.386477], 1]
[[43.666091, -79.381225], 1]
[[43.6661, -79.384399], 1]
[[43.666118, -79.378066], 1]
[[43.666333, -79.381264], 1]
[[43.66635, -79.385192], 1]
[[43.66635, -79.384934], 1]
[[43.666363, -79.385251], 1]
[[43.666369, -79.385223], 1]
[[43.666447, -79.380828], 1]
[[43.66645, -79.381203], 1]
[[43.666513, -79.385217], 1]
[[43.666619, -79.381242], 1]
[[43.666622, -79.381173], 1]
[[43.666624, -79.381156], 1]
[[43.666636, -79.381248], 1]
[[43.666653, -79.365261], 1]
[[43.666655, -79.381156], 1]
[[43.666661, -79.380981], 1]
[[43.666666, -79.396334], 1]
[[43.666669, -79.3813], 1]
[[43.666672, -79.38147], 1]
[[43.666708, -79.381012], 1]
[[43.666741, -79.381028], 1]
[[43.666758, -79.381348], 1]
[[43.666791, -79.381187], 1]
[[43.6668, -79.391944], 1]
[[43.666809, -79.380695], 1]
[[43.666816, -79.381287], 1]
[[43.666843, -79.394489], 1]
[[43.666916, -79.38012], 1]
[[43.66698, -79.362075], 1]
[[43.666994, -79.391316], 1]
[[43.666999, -79.395501], 1]
[[43.667003, -79.381725], 1]
[[43.667011, -79.380622], 1]
[[43.667075, -79.385514], 1]
[[43.667088, -79.368737], 1]
[[43.667166, -79.395501], 1]
[[43.667166, -79.394834], 1]
[[43.667166, -79.394667], 1]
[[43.667251, -79.39388], 1]
[[43.667253, -79.380388], 1]
[[43.667274, -79.381767], 1]
[[43.667333, -79.395167], 1]
[[43.667333, -79.3935], 1]
[[43.667385, -79.393501], 1]
[[43.667397, -79.368584], 1]
[[43.667461, -79.381653], 1]
[[43.667474, -79.384818], 1]
[[43.6675, -79.395667], 1]
[[43.6675, -79.395167], 1]
[[43.667522, -79.387833], 1]
[[43.667522, -79.387795], 1]
[[43.667527, -79.387908], 1]
[[43.667527, -79.38771], 1]
[[43.66753, -79.391047], 1]
[[43.667553, -79.387802], 1]
[[43.667553, -79.387688], 1]
[[43.667557, -79.387688], 1]
[[43.66756, -79.387878], 1]
[[43.667575, -79.387718], 1]
[[43.667587, -79.387817], 1]
[[43.667611, -79.361541], 1]
[[43.667613, -79.3871], 1]
[[43.667624, -79.393814], 1]
[[43.667666, -79.396334], 1]
[[43.667666, -79.395334], 1]
[[43.667683, -79.381723], 1]
[[43.667708, -79.381662], 1]
[[43.667777, -79.381706], 1]
[[43.667833, -79.394501], 1]
[[43.66785, -79.387473], 1]
[[43.667866, -79.382553], 1]
[[43.667933, -79.382492], 1]
[[43.667956, -79.394953], 1]
[[43.667958, -79.38247], 1]
[[43.668, -79.395001], 1]
[[43.668002, -79.382417], 1]
[[43.66803, -79.388832], 1]
[[43.668166, -79.395167], 1]
[[43.668166, -79.395001], 1]
[[43.668166, -79.394834], 1]
[[43.668166, -79.393167], 1]
[[43.668169, -79.395801], 1]
[[43.668225, -79.383637], 1]
[[43.668297, -79.38375], 1]
[[43.668308, -79.382348], 1]
[[43.668316, -79.382173], 1]
[[43.668333, -79.395001], 1]
[[43.668333, -79.394834], 1]
[[43.668333, -79.394667], 1]
[[43.668338, -79.395501], 1]
[[43.668341, -79.382028], 1]
[[43.668352, -79.382095], 1]
[[43.668361, -79.382081], 1]
[[43.668399, -79.393408], 1]
[[43.668408, -79.382248], 1]
[[43.668408, -79.381903], 1]
[[43.668413, -79.382089], 1]
[[43.668499, -79.394834], 1]
[[43.668585, -79.39447], 1]
[[43.668585, -79.387046], 1]
[[43.668591, -79.394273], 1]
[[43.668594, -79.385881], 1]
[[43.668602, -79.382075], 1]
[[43.668605, -79.394373], 1]
[[43.668608, -79.395339], 1]
[[43.668624, -79.394109], 1]
[[43.668632, -79.383494], 1]
[[43.668638, -79.394639], 1]
[[43.668709, -79.393601], 1]
[[43.668716, -79.388997], 1]
[[43.668719, -79.393709], 1]
[[43.668761, -79.38242], 1]
[[43.668888, -79.382409], 1]
[[43.668908, -79.38582], 1]
[[43.668933, -79.386162], 1]
[[43.668938, -79.39322], 1]
[[43.66901, -79.389018], 1]
[[43.669044, -79.393028], 1]
[[43.669175, -79.385254], 1]
[[43.66923, -79.39267], 1]
[[43.669322, -79.391906], 1]
[[43.669388, -79.391037], 1]
[[43.66943, -79.391342], 1]
[[43.669486, -79.391359], 1]
[[43.669666, -79.388201], 1]
[[43.669691, -79.382553], 1]
[[43.669719, -79.389381], 1]
[[43.669741, -79.388834], 1]
[[43.669765, -79.392378], 1]
[[43.669811, -79.392271], 1]
[[43.669856, -79.386543], 1]
[[43.669889, -79.384535], 1]
[[43.669895, -79.388143], 1]
[[43.669957, -79.392123], 1]
[[43.67, -79.386666], 1]
[[43.670055, -79.392723], 1]
[[43.670129, -79.391562], 1]
[[43.670138, -79.391381], 1]
[[43.670238, -79.376053], 1]
[[43.670247, -79.386773], 1]
[[43.670277, -79.38681], 1]
[[43.67028, -79.37622], 1]
[[43.670291, -79.376198], 1]
[[43.670294, -79.391092], 1]
[[43.670311, -79.386764], 1]
[[43.6704, -79.386764], 1]
[[43.67042, -79.39131], 1]
[[43.670433, -79.385942], 1]
[[43.670461, -79.385278], 1]
[[43.670513, -79.385956], 1]
[[43.670563, -79.38697], 1]
[[43.67059, -79.38059], 1]
[[43.670747, -79.383148], 1]
[[43.670752, -79.383362], 1]
[[43.670755, -79.393267], 1]
[[43.670855, -79.377273], 1]
[[43.670874, -79.383117], 1]
[[43.670916, -79.377053], 1]
[[43.670946, -79.381242], 1]
[[43.670961, -79.382878], 1]
[[43.671018, -79.381628], 1]
[[43.671039, -79.387033], 1]
[[43.671131, -79.387099], 1]
[[43.671146, -79.387164], 1]
[[43.671208, -79.387142], 1]
[[43.671219, -79.383295], 1]
[[43.671227, -79.383295], 1]
[[43.671238, -79.383117], 1]
[[43.671239, -79.387207], 1]
[[43.671262, -79.382035], 1]
[[43.671313, -79.378159], 1]
[[43.671388, -79.386667], 1]
[[43.671519, -79.386567], 1]
[[43.671563, -79.381581], 1]
[[43.671597, -79.380739], 1]
[[43.671749, -79.386903], 1]
[[43.6718, -79.386925], 1]
[[43.671813, -79.384109], 1]
[[43.67183, -79.39329], 1]
[[43.671922, -79.386708], 1]
[[43.67237, -79.384005], 1]
[[43.67245, -79.376832], 1]
[[43.67249, -79.37715], 1]
[[43.672589, -79.374933], 1]
[[43.672869, -79.369815], 1]
[[43.673133, -79.375019], 1]
[[43.673233, -79.361534], 1]
[[43.673288, -79.369214], 1]
[[43.673528, -79.386681], 1]
[[43.674087, -79.368249], 1]
[[43.674444, -79.386139], 1]
[[43.674592, -79.367305], 1]
[[43.674722, -79.385278], 1]
[[43.674786, -79.362512], 1]
[[43.675267, -79.364204], 1]
[[43.67529, -79.363174], 1]
[[43.637612, -79.391659], 2]
[[43.637705, -79.385003], 2]
[[43.637975, -79.3825], 2]
[[43.638008, -79.383759], 2]
[[43.638277, -79.384209], 2]
[[43.638297, -79.384103], 2]
[[43.638338, -79.382493], 2]
[[43.638346, -79.382106], 2]
[[43.638357, -79.384546], 2]
[[43.638412, -79.383591], 2]
[[43.638972, -79.384431], 2]
[[43.638977, -79.384262], 2]
[[43.639118, -79.383752], 2]
[[43.639119, -79.382431], 2]
[[43.639277, -79.376492], 2]
[[43.639466, -79.383148], 2]
[[43.64059, -79.376381], 2]
[[43.640705, -79.386162], 2]
[[43.640988, -79.389262], 2]
[[43.640994, -79.386084], 2]
[[43.64105, -79.389162], 2]
[[43.641102, -79.389264], 2]
[[43.641127, -79.389145], 2]
[[43.641129, -79.38535], 2]
[[43.641166, -79.386334], 2]
[[43.641323, -79.38593], 2]
[[43.64133, -79.384309], 2]
[[43.641362, -79.385222], 2]
[[43.641369, -79.389398], 2]
[[43.641432, -79.385919], 2]
[[43.641472, -79.385956], 2]
[[43.641541, -79.388339], 2]
[[43.641583, -79.386567], 2]
[[43.641597, -79.386598], 2]
[[43.641608, -79.386528], 2]
[[43.641844, -79.383173], 2]
[[43.641944, -79.386887], 2]
[[43.641998, -79.386497], 2]
[[43.642033, -79.386362], 2]
[[43.642044, -79.386467], 2]
[[43.642066, -79.386323], 2]
[[43.642078, -79.386324], 2]
[[43.642097, -79.387062], 2]
[[43.64213, -79.386262], 2]
[[43.642166, -79.383], 2]
[[43.642186, -79.381042], 2]
[[43.642188, -79.386276], 2]
[[43.6422, -79.386284], 2]
[[43.642288, -79.387573], 2]
[[43.642483, -79.38745], 2]
[[43.642533, -79.385178], 2]
[[43.642538, -79.38517], 2]
[[43.642875, -79.388073], 2]
[[43.642894, -79.385506], 2]
[[43.642946, -79.375394], 2]
[[43.643297, -79.391475], 2]
[[43.643611, -79.384225], 2]
[[43.644491, -79.364987], 2]
[[43.644905, -79.385262], 2]
[[43.645416, -79.381519], 2]
[[43.646041, -79.365298], 2]
[[43.646125, -79.380378], 2]
[[43.646144, -79.380295], 2]
[[43.646225, -79.385925], 2]
[[43.64635, -79.389892], 2]
[[43.646377, -79.3927], 2]
[[43.6464, -79.389862], 2]
[[43.646672, -79.37452], 2]
[[43.646716, -79.373612], 2]
[[43.6468, -79.374956], 2]
[[43.646938, -79.386506], 2]
[[43.64695, -79.37724], 2]
[[43.646958, -79.385162], 2]
[[43.64708, -79.386231], 2]
[[43.647139, -79.376842], 2]
[[43.647163, -79.386139], 2]
[[43.647166, -79.373345], 2]
[[43.64735, -79.378834], 2]
[[43.647438, -79.373117], 2]
[[43.64748, -79.373367], 2]
[[43.6475, -79.378612], 2]
[[43.647519, -79.377862], 2]
[[43.647597, -79.391395], 2]
[[43.647619, -79.384861], 2]
[[43.647674, -79.3849], 2]
[[43.647747, -79.390489], 2]
[[43.647972, -79.379976], 2]
[[43.64803, -79.374795], 2]
[[43.64803, -79.374773], 2]
[[43.648047, -79.379959], 2]
[[43.648261, -79.373834], 2]
[[43.648274, -79.388378], 2]
[[43.648333, -79.373864], 2]
[[43.648544, -79.386056], 2]
[[43.648547, -79.386184], 2]
[[43.648722, -79.391176], 2]
[[43.648796, -79.371583], 2]
[[43.649311, -79.386842], 2]
[[43.649625, -79.39562], 2]
[[43.64967, -79.38095], 2]
[[43.649758, -79.386934], 2]
[[43.649772, -79.380686], 2]
[[43.649822, -79.390945], 2]
[[43.649898, -79.390979], 2]
[[43.650058, -79.374314], 2]
[[43.650088, -79.392114], 2]
[[43.650116, -79.361892], 2]
[[43.650297, -79.371893], 2]
[[43.650466, -79.377617], 2]
[[43.650897, -79.37622], 2]
[[43.651158, -79.386537], 2]
[[43.651183, -79.367165], 2]
[[43.651336, -79.378839], 2]
[[43.651474, -79.380955], 2]
[[43.6515, -79.37482], 2]
[[43.651626, -79.38343], 2]
[[43.65178, -79.378564], 2]
[[43.651872, -79.371779], 2]
[[43.651966, -79.390762], 2]
[[43.651966, -79.383767], 2]
[[43.652147, -79.38317], 2]
[[43.6522, -79.383173], 2]
[[43.652286, -79.382645], 2]
[[43.652302, -79.382684], 2]
[[43.6525, -79.381666], 2]
[[43.652518, -79.383441], 2]
[[43.65258, -79.383087], 2]
[[43.652672, -79.383209], 2]
[[43.652731, -79.382077], 2]
[[43.653116, -79.377379], 2]
[[43.653133, -79.3872], 2]
[[43.653168, -79.377203], 2]
[[43.653496, -79.383934], 2]
[[43.653543, -79.380179], 2]
[[43.65363, -79.362], 2]
[[43.653729, -79.38402], 2]
[[43.653771, -79.383018], 2]
[[43.65395, -79.379089], 2]
[[43.654158, -79.378989], 2]
[[43.6543, -79.381941], 2]
[[43.654451, -79.381971], 2]
[[43.654697, -79.391531], 2]
[[43.654888, -79.380203], 2]
[[43.655011, -79.37905], 2]
[[43.655872, -79.380428], 2]
[[43.655965, -79.38049], 2]
[[43.656005, -79.380525], 2]
[[43.656009, -79.382367], 2]
[[43.656052, -79.3805], 2]
[[43.656069, -79.380373], 2]
[[43.656088, -79.380875], 2]
[[43.656113, -79.380439], 2]
[[43.656116, -79.380884], 2]
[[43.65615, -79.380281], 2]
[[43.656158, -79.380723], 2]
[[43.656188, -79.380609], 2]
[[43.656194, -79.384166], 2]
[[43.656272, -79.380725], 2]
[[43.656453, -79.373861], 2]
[[43.656749, -79.381098], 2]
[[43.659666, -79.390667], 2]
[[43.660472, -79.382453], 2]
[[43.662221, -79.394921], 2]
[[43.662237, -79.38034], 2]
[[43.662238, -79.384309], 2]
[[43.662247, -79.374473], 2]
[[43.662277, -79.384192], 2]
[[43.66247, -79.36597], 2]
[[43.662869, -79.383837], 2]
[[43.663094, -79.36502], 2]
[[43.663599, -79.379989], 2]
[[43.663635, -79.362777], 2]
[[43.663829, -79.362838], 2]
[[43.664094, -79.380837], 2]
[[43.664616, -79.380548], 2]
[[43.665433, -79.380886], 2]
[[43.665644, -79.381037], 2]
[[43.665897, -79.381548], 2]
[[43.665954, -79.381037], 2]
[[43.666425, -79.385262], 2]
[[43.666611, -79.381081], 2]
[[43.666866, -79.361717], 2]
[[43.667166, -79.393334], 2]
[[43.667333, -79.393834], 2]
[[43.6675, -79.393667], 2]
[[43.6675, -79.3935], 2]
[[43.667553, -79.387848], 2]
[[43.667666, -79.395501], 2]
[[43.667666, -79.395167], 2]
[[43.668244, -79.395662], 2]
[[43.66888, -79.383988], 2]
[[43.669899, -79.386077], 2]
[[43.670013, -79.385406], 2]
[[43.671294, -79.393494], 2]
[[43.671863, -79.386848], 2]
[[43.637511, -79.387357], 3]
[[43.637852, -79.381553], 3]
[[43.638722, -79.383414], 3]
[[43.639252, -79.385003], 3]
[[43.639553, -79.380308], 3]
[[43.64078, -79.385973], 3]
[[43.641195, -79.388988], 3]
[[43.641416, -79.39098], 3]
[[43.641936, -79.386934], 3]
[[43.642036, -79.388003], 3]
[[43.642038, -79.386459], 3]
[[43.642044, -79.386437], 3]
[[43.642055, -79.386375], 3]
[[43.642077, -79.386324], 3]
[[43.6422, -79.386299], 3]
[[43.642333, -79.385501], 3]
[[43.64238, -79.378923], 3]
[[43.642388, -79.386037], 3]
[[43.642505, -79.387795], 3]
[[43.642544, -79.38517], 3]
[[43.642972, -79.38675], 3]
[[43.643627, -79.391445], 3]
[[43.6445, -79.386334], 3]
[[43.644534, -79.368345], 3]
[[43.646131, -79.379686], 3]
[[43.646229, -79.376024], 3]
[[43.646322, -79.390085], 3]
[[43.646386, -79.389946], 3]
[[43.646864, -79.378652], 3]
[[43.646877, -79.386292], 3]
[[43.648179, -79.380136], 3]
[[43.6491, -79.396576], 3]
[[43.650277, -79.373888], 3]
[[43.650441, -79.372925], 3]
[[43.650636, -79.377114], 3]
[[43.654462, -79.380934], 3]
[[43.656119, -79.380653], 3]
[[43.656155, -79.380639], 3]
[[43.656338, -79.380775], 3]
[[43.659833, -79.391], 3]
[[43.662225, -79.383531], 3]
[[43.662529, -79.383664], 3]
[[43.663719, -79.375952], 3]
[[43.664902, -79.384445], 3]
[[43.666816, -79.390017], 3]
[[43.667666, -79.395667], 3]
[[43.668158, -79.394609], 3]
[[43.669237, -79.384213], 3]
[[43.669796, -79.388274], 3]
[[43.66991, -79.385803], 3]
[[43.67014, -79.37592], 3]
[[43.670975, -79.391949], 3]
[[43.637736, -79.374459], 4]
[[43.637944, -79.383745], 4]
[[43.63807, -79.383462], 4]
[[43.641633, -79.385759], 4]
[[43.641712, -79.387292], 4]
[[43.642211, -79.389073], 4]
[[43.642444, -79.387506], 4]
[[43.643166, -79.388006], 4]
[[43.644727, -79.386555], 4]
[[43.645622, -79.385262], 4]
[[43.648152, -79.374237], 4]
[[43.648396, -79.38961], 4]
[[43.652222, -79.385555], 4]
[[43.652583, -79.383112], 4]
[[43.652602, -79.383578], 4]
[[43.652611, -79.383178], 4]
[[43.656136, -79.380512], 4]
[[43.6636, -79.362854], 4]
[[43.664938, -79.384492], 4]
[[43.666024, -79.38107], 4]
[[43.666645, -79.392442], 4]
[[43.667333, -79.395501], 4]
[[43.667833, -79.395334], 4]
[[43.668003, -79.394953], 4]
[[43.641158, -79.389471], 5]
[[43.648129, -79.379159], 5]
[[43.651295, -79.387668], 5]
[[43.652727, -79.383178], 5]
[[43.653186, -79.396573], 5]
[[43.654047, -79.392778], 5]
[[43.655888, -79.374339], 5]
[[43.663401, -79.382593], 5]
[[43.665722, -79.38115], 5]
[[43.666261, -79.389084], 5]
[[43.667833, -79.394834], 5]
[[43.668595, -79.394886], 5]
[[43.670733, -79.384666], 5]
[[43.638958, -79.384156], 6]
[[43.641002, -79.384559], 6]
[[43.642116, -79.393559], 6]
[[43.644049, -79.38937], 6]
[[43.647899, -79.389588], 6]
[[43.648482, -79.382679], 6]
[[43.649312, -79.375941], 6]
[[43.649763, -79.363853], 6]
[[43.65765, -79.381767], 6]
[[43.657802, -79.380112], 6]
[[43.66362, -79.3628], 6]
[[43.667333, -79.395334], 6]
[[43.638146, -79.380418], 7]
[[43.638738, -79.383559], 7]
[[43.64218, -79.38627], 7]
[[43.644, -79.387667], 7]
[[43.646098, -79.381917], 7]
[[43.64658, -79.387099], 7]
[[43.648266, -79.389224], 7]
[[43.649319, -79.386225], 7]
[[43.6512, -79.384064], 7]
[[43.652358, -79.383734], 7]
[[43.653854, -79.392786], 7]
[[43.65612, -79.38049], 7]
[[43.6675, -79.395501], 7]
[[43.64151, -79.389406], 8]
[[43.642063, -79.38667], 8]
[[43.642379, -79.387564], 8]
[[43.648559, -79.38533], 8]
[[43.6525, -79.383611], 8]
[[43.656111, -79.380277], 8]
[[43.641222, -79.388784], 9]
[[43.641983, -79.387464], 9]
[[43.642277, -79.387117], 9]
[[43.642481, -79.38605], 9]
[[43.644756, -79.380205], 9]
[[43.645757, -79.381864], 9]
[[43.653086, -79.369087], 9]
[[43.656171, -79.380447], 9]
[[43.663684, -79.362754], 9]
[[43.645636, -79.381724], 10]
[[43.649336, -79.372856], 10]
[[43.641431, -79.389149], 11]
[[43.642188, -79.387781], 11]
[[43.646995, -79.377315], 11]
[[43.670735, -79.384235], 11]
[[43.661786, -79.374729], 12]
[[43.645663, -79.381788], 13]
[[43.649308, -79.381762], 13]
[[43.642219, -79.386576], 14]
[[43.642682, -79.387046], 14]
[[43.653333, -79.383888], 14]
[[43.642014, -79.38946], 15]
[[43.651355, -79.364556], 15]
[[43.651005, -79.375298], 16]
[[43.667833, -79.394167], 16]
[[43.638095, -79.383463], 18]
[[43.650927, -79.366992], 18]
[[43.656379, -79.380615], 21]
[[43.666777, -79.385383], 21]
[[43.644168, -79.387055], 22]
[[43.663024, -79.382607], 22]
[[43.641549, -79.385769], 24]
[[43.671107, -79.383087], 24]
[[43.641402, -79.388589], 25]
[[43.651227, -79.364242], 25]
[[43.651805, -79.364959], 25]
[[43.667759, -79.394781], 25]
[[43.651669, -79.363703], 27]
[[43.64415, -79.388022], 28]
[[43.643431, -79.378999], 29]
[[43.650585, -79.383941], 30]
[[43.665579, -79.380905], 35]
[[43.662358, -79.383584], 41]
[[43.64689, -79.377443], 46]
[[43.6517, -79.364853], 46]
[[43.6504, -79.383948], 48]
[[43.649041, -79.391391], 49]
[[43.654033, -79.364773], 52]
[[43.661866, -79.383251], 59]
[[43.659847, -79.3793], 68]
[[43.651669, -79.364423], 72]
[[43.656215, -79.380105], 72]
[[43.644615, -79.368774], 102]
[[43.64973, -79.375687], 103]
[[43.656912, -79.388837], 157]
